10,20,30,40,50,60,Speculative,10,20,30,40,50,60
0,0,0,0,0,0,0,0.5206536541080344,0.5237987307343608,0.521078875793291,0.5210407239819004,0.5184090909090909,0.5242740471869328
0,0,0,0,0,0,0,0.520757299270073,0.523972602739726,0.5211845102505694,0.5211459754433834,0.5184762773722628,0.5243071331213085
0,0,0,0,0,0,0,0.52089072543618,0.5240164684354987,0.5213204951856947,0.5211941659070192,0.518501598903609,0.524373576309795
0,0,0,0,0,0,0,0.5209774089442138,0.5241490340386384,0.5213596692696372,0.5212328767123288,0.518543956043956,0.5244515539305301
0,0,0,0,0,0,0,0.5209870848708487,0.524521251751518,0.5215078630897317,0.5213596692696372,0.518595041322314,0.524496336996337
0,0,0,0,0,0,0,0.5212121212121212,0.5241824044219254,0.521557719054242,0.5216178521617851,0.51875,0.5248029670839128
0,0,0,0,0,0,0,0.5211333023687877,0.5244299674267101,0.5216480446927374,0.5214879852125693,0.5186464088397791,0.5246771217712177
0,0,0,0,0,0,0,0.5211923614345598,0.5246594645373415,0.5217696629213483,0.5217696629213483,0.5187326549491211,0.5247914735866543
0,0,0,0,0,0,0,0.5211333023687877,0.5246594645373415,0.521557719054242,0.5216985534297713,0.5188987400839944,0.524688509460083
